{
  "advancedEditorSelectedIdentifier" : "ProjectBrowser",
  "openSceneRelativePaths" : [
    "TableAndLaRana.usda"
  ],
  "recentIdentifiers" : {
    "1608E04E-B18D-4D1C-9377-F059198F61D8" : [

    ],
    "CBE4F12F-F57D-4CDC-B34D-C877FAB4EFDC" : [

    ]
  },
  "sceneCameraHistory" : {
    "1608E04E-B18D-4D1C-9377-F059198F61D8" : [
      {
        "date" : 746551371.028787,
        "title" : "Untitled",
        "transform" : [
          0.8625937,
          -0.0025789216,
          0.50589067,
          0,
          0.20508341,
          0.9159165,
          -0.34501845,
          0,
          -0.46246374,
          0.40136054,
          0.7905928,
          0,
          -0.36910877,
          0.91692567,
          0.7306565,
          1
        ]
      },
      {
        "date" : 746551368.772286,
        "title" : "Untitled",
        "transform" : [
          -0.93058217,
          -0.002578922,
          0.36607385,
          0,
          0.2153265,
          0.8048464,
          0.5530432,
          0,
          -0.29605955,
          0.5934776,
          -0.74842036,
          0,
          -0.26573983,
          1.074527,
          -0.53444105,
          1
        ]
      },
      {
        "date" : 746550180.576834,
        "title" : "Untitled",
        "transform" : [
          0.9260558,
          -0.0025789284,
          0.37737787,
          0,
          0.10705145,
          0.96069616,
          -0.25613073,
          0,
          -0.3618848,
          0.27759022,
          0.8899343,
          0,
          -0.30392,
          0.8016814,
          0.8807912,
          1
        ]
      },
      {
        "date" : 746550177.54472,
        "title" : "Untitled",
        "transform" : [
          0.9988132,
          -0.0025789277,
          0.04863599,
          0,
          0.014377434,
          0.969708,
          -0.24384372,
          0,
          -0.046533763,
          0.2442536,
          0.96859425,
          0,
          -0.16737631,
          1.669852,
          4.530858,
          1
        ]
      },
      {
        "date" : 746550174.412358,
        "title" : "Untitled",
        "transform" : [
          0.73622316,
          -0.002578928,
          0.6767339,
          0,
          0.14854527,
          0.9762209,
          -0.15788314,
          0,
          -0.6602346,
          0.21676284,
          0.7190996,
          0,
          -5.6551876,
          2.3736,
          6.1134443,
          1
        ]
      },
      {
        "date" : 746470545.364221,
        "title" : "Untitled",
        "transform" : [
          0.96657026,
          -0.0025789288,
          0.2563887,
          0,
          0.08730846,
          0.94350207,
          -0.31965742,
          0,
          -0.24107884,
          0.3313563,
          0.91218626,
          0,
          -0.2854161,
          0.89370334,
          0.95851666,
          1
        ]
      },
      {
        "date" : 746470536.847677,
        "title" : "Untitled",
        "transform" : [
          0.86334383,
          -0.002578925,
          0.50460947,
          0,
          0.33728325,
          0.7467451,
          -0.57324654,
          0,
          -0.37533626,
          0.6651052,
          0.64556766,
          0,
          -0.03448263,
          0.69978094,
          -0.0016878285,
          1
        ]
      },
      {
        "date" : 746470535.12781,
        "title" : "Untitled",
        "transform" : [
          0.86334383,
          -0.002578925,
          0.50460947,
          0,
          0.33728325,
          0.7467451,
          -0.57324654,
          0,
          -0.37533626,
          0.6651052,
          0.64556766,
          0,
          -0.020641878,
          0.67525476,
          -0.025493558,
          1
        ]
      },
      {
        "date" : 746470531.681866,
        "title" : "Untitled",
        "transform" : [
          0.86334383,
          -0.002578925,
          0.50460947,
          0,
          0.33728325,
          0.7467451,
          -0.57324654,
          0,
          -0.37533626,
          0.6651052,
          0.64556766,
          0,
          -0.18485695,
          0.96624774,
          0.25695172,
          1
        ]
      },
      {
        "date" : 746470528.512131,
        "title" : "Untitled",
        "transform" : [
          0.8169267,
          -0.0025789223,
          0.5767356,
          0,
          0.28207046,
          0.8740189,
          -0.3956351,
          0,
          -0.5030575,
          0.485885,
          0.7147369,
          0,
          -0.32374394,
          0.8740576,
          0.40625632,
          1
        ]
      }
    ],
    "CBE4F12F-F57D-4CDC-B34D-C877FAB4EFDC" : [
      {
        "date" : 746638490.449866,
        "title" : "Untitled",
        "transform" : [
          0.9745832,
          0.01777782,
          0.22331923,
          0,
          0.10430564,
          0.84619737,
          -0.52256143,
          0,
          -0.19826217,
          0.5325731,
          0.8228354,
          0,
          -0.15161628,
          1.038811,
          0.5597844,
          1
        ]
      },
      {
        "date" : 746638488.88486,
        "title" : "Untitled",
        "transform" : [
          0.9745832,
          0.01777782,
          0.22331923,
          0,
          0.104305625,
          0.84619725,
          -0.5225614,
          0,
          -0.19826214,
          0.53257304,
          0.82283527,
          0,
          -0.0805958,
          0.98627645,
          0.61089945,
          1
        ]
      },
      {
        "date" : 746638476.633527,
        "title" : "Untitled",
        "transform" : [
          0.9991106,
          0.017777821,
          0.03823659,
          0,
          -0.0016424472,
          0.9225006,
          -0.38599202,
          0,
          -0.042135384,
          0.38558593,
          0.9217093,
          0,
          -0.0921258,
          0.96911436,
          0.722955,
          1
        ]
      },
      {
        "date" : 746638451.385915,
        "title" : "Untitled",
        "transform" : [
          0.9991106,
          0.017777821,
          0.03823659,
          0,
          -0.0016424472,
          0.9225006,
          -0.38599202,
          0,
          -0.042135384,
          0.38558593,
          0.9217093,
          0,
          -0.027872827,
          0.8580685,
          0.7723469,
          1
        ]
      },
      {
        "date" : 746638435.018483,
        "title" : "Untitled",
        "transform" : [
          0.9308984,
          0.01777782,
          0.36484504,
          0,
          0.20971139,
          0.79179376,
          -0.57365817,
          0,
          -0.29908046,
          0.61052966,
          0.73335147,
          0,
          -0.19295451,
          1.0283871,
          0.48863772,
          1
        ]
      },
      {
        "date" : 746638414.034361,
        "title" : "Untitled",
        "transform" : [
          0.8427356,
          0.01777782,
          0.538034,
          0,
          0.25687674,
          0.86504865,
          -0.43093523,
          0,
          -0.47308677,
          0.5013728,
          0.7244407,
          0,
          -0.35281944,
          0.95058775,
          0.5527022,
          1
        ]
      },
      {
        "date" : 746638403.836913,
        "title" : "Untitled",
        "transform" : [
          0.8427356,
          0.01777782,
          0.538034,
          0,
          0.25687674,
          0.86504865,
          -0.43093523,
          0,
          -0.47308677,
          0.5013728,
          0.7244407,
          0,
          -0.3696328,
          1.1015325,
          0.43725634,
          1
        ]
      },
      {
        "date" : 746638400.122099,
        "title" : "Untitled",
        "transform" : [
          0.90135056,
          0.017777834,
          0.43272525,
          0,
          0.33897936,
          0.5929164,
          -0.7304403,
          0,
          -0.26955563,
          0.80506766,
          0.5283994,
          0,
          -0.2431491,
          1.1441588,
          0.47457042,
          1
        ]
      },
      {
        "date" : 746638397.849905,
        "title" : "Untitled",
        "transform" : [
          0.90135056,
          0.017777834,
          0.43272525,
          0,
          0.33897936,
          0.5929164,
          -0.7304403,
          0,
          -0.26955563,
          0.80506766,
          0.5283994,
          0,
          -0.34689206,
          1.4540025,
          0.67793375,
          1
        ]
      },
      {
        "date" : 746638394.383549,
        "title" : "Untitled",
        "transform" : [
          0.90135056,
          0.017777834,
          0.43272525,
          0,
          0.33897936,
          0.5929164,
          -0.7304403,
          0,
          -0.26955563,
          0.80506766,
          0.5283994,
          0,
          -0.21469665,
          1.0591813,
          0.41879615,
          1
        ]
      }
    ]
  },
  "selectedSceneRelativePath" : "TableAndLaRana.usda"
}