{
  "advancedEditorSelectedIdentifier" : "ProjectBrowser",
  "openSceneRelativePaths" : [
    "Scene.usda"
  ],
  "recentIdentifiers" : {
    "1608E04E-B18D-4D1C-9377-F059198F61D8" : [

    ]
  },
  "sceneCameraHistory" : {
    "1608E04E-B18D-4D1C-9377-F059198F61D8" : [
      {
        "date" : 746380859.953904,
        "title" : "Untitled",
        "transform" : [
          0.8331903,
          -5.081479e-08,
          0.5529864,
          0,
          0.32546803,
          0.80845046,
          -0.490386,
          0,
          -0.44706205,
          0.5885643,
          0.67359316,
          0,
          -0.435415,
          0.96097124,
          0.7216804,
          1
        ]
      },
      {
        "date" : 746380857.672671,
        "title" : "Untitled",
        "transform" : [
          0.8331902,
          3.5083847e-10,
          0.55298644,
          0,
          0.32546812,
          0.8084504,
          -0.49038604,
          0,
          -0.44706202,
          0.5885643,
          0.6735931,
          0,
          -0.4941444,
          1.2587314,
          2.5233889,
          1
        ]
      },
      {
        "date" : 746380856.444022,
        "title" : "Untitled",
        "transform" : [
          0.9668771,
          -6.2774888e-09,
          0.25524235,
          0,
          0.0999327,
          0.92016935,
          -0.3785524,
          0,
          -0.23486601,
          0.39152068,
          0.8896907,
          0,
          -0.33823115,
          1.079628,
          2.802134,
          1
        ]
      },
      {
        "date" : 746380852.786103,
        "title" : "Untitled",
        "transform" : [
          0.9668771,
          -6.2774888e-09,
          0.25524235,
          0,
          0.0999327,
          0.92016935,
          -0.3785524,
          0,
          -0.23486601,
          0.39152068,
          0.8896907,
          0,
          -0.4932541,
          1.3452914,
          3.1697793,
          1
        ]
      },
      {
        "date" : 746380828.164305,
        "title" : "Untitled",
        "transform" : [
          0.9990021,
          -9.423118e-09,
          0.044665184,
          0,
          0.009218672,
          0.97846895,
          -0.20618832,
          0,
          -0.0437033,
          0.20639427,
          0.9774924,
          0,
          -0.24053779,
          1.0865645,
          3.3871856,
          1
        ]
      },
      {
        "date" : 746380824.159527,
        "title" : "Untitled",
        "transform" : [
          0.83871603,
          -9.26833e-09,
          0.5445693,
          0,
          0.21144682,
          0.9215404,
          -0.32565883,
          0,
          -0.5018423,
          0.38828263,
          0.7729106,
          0,
          -0.8356766,
          1.3408663,
          2.9595776,
          1
        ]
      },
      {
        "date" : 746380663.575667,
        "title" : "Untitled",
        "transform" : [
          0.83198076,
          -9.717866e-09,
          0.55480456,
          0,
          0.17129512,
          0.95114374,
          -0.2568729,
          0,
          -0.5276986,
          0.30874857,
          0.7913334,
          0,
          -0.88440883,
          1.2310139,
          3.0048084,
          1
        ]
      },
      {
        "date" : 746380652.733592,
        "title" : "Untitled",
        "transform" : [
          0.9889458,
          -9.07361e-09,
          0.14827774,
          0,
          0.040472403,
          0.96202826,
          -0.26993272,
          0,
          -0.14264709,
          0.27294993,
          0.9513938,
          0,
          -0.3769982,
          1.1808717,
          3.3116732,
          1
        ]
      },
      {
        "date" : 746380626.516475,
        "title" : "Untitled",
        "transform" : [
          0.09751097,
          -6.6123578e-09,
          0.9952345,
          0,
          -0.11197777,
          0.9936501,
          0.010971347,
          0,
          -0.98891485,
          -0.112514,
          0.096892074,
          0,
          -1.5204314,
          0.61651325,
          1.9697759,
          1
        ]
      },
      {
        "date" : 746380596.06555,
        "title" : "Untitled",
        "transform" : [
          0.6458485,
          -6.413959e-09,
          0.76346564,
          0,
          -0.011641902,
          0.9998837,
          0.009848389,
          0,
          -0.76337665,
          -0.01524879,
          0.6457736,
          0,
          -1.2540591,
          0.76298,
          2.8272715,
          1
        ]
      }
    ]
  }
}