{
  "advancedEditorSelectedIdentifier" : "ProjectBrowser",
  "openSceneRelativePaths" : [
    "TableAndLaRana.usda"
  ],
  "recentIdentifiers" : {
    "1608E04E-B18D-4D1C-9377-F059198F61D8" : [

    ],
    "CBE4F12F-F57D-4CDC-B34D-C877FAB4EFDC" : [

    ]
  },
  "sceneCameraHistory" : {
    "1608E04E-B18D-4D1C-9377-F059198F61D8" : [
      {
        "date" : 746551371.028787,
        "title" : "Untitled",
        "transform" : [
          0.8625937,
          -0.0025789216,
          0.50589067,
          0,
          0.20508341,
          0.9159165,
          -0.34501845,
          0,
          -0.46246374,
          0.40136054,
          0.7905928,
          0,
          -0.36910877,
          0.91692567,
          0.7306565,
          1
        ]
      },
      {
        "date" : 746551368.772286,
        "title" : "Untitled",
        "transform" : [
          -0.93058217,
          -0.002578922,
          0.36607385,
          0,
          0.2153265,
          0.8048464,
          0.5530432,
          0,
          -0.29605955,
          0.5934776,
          -0.74842036,
          0,
          -0.26573983,
          1.074527,
          -0.53444105,
          1
        ]
      },
      {
        "date" : 746550180.576834,
        "title" : "Untitled",
        "transform" : [
          0.9260558,
          -0.0025789284,
          0.37737787,
          0,
          0.10705145,
          0.96069616,
          -0.25613073,
          0,
          -0.3618848,
          0.27759022,
          0.8899343,
          0,
          -0.30392,
          0.8016814,
          0.8807912,
          1
        ]
      },
      {
        "date" : 746550177.54472,
        "title" : "Untitled",
        "transform" : [
          0.9988132,
          -0.0025789277,
          0.04863599,
          0,
          0.014377434,
          0.969708,
          -0.24384372,
          0,
          -0.046533763,
          0.2442536,
          0.96859425,
          0,
          -0.16737631,
          1.669852,
          4.530858,
          1
        ]
      },
      {
        "date" : 746550174.412358,
        "title" : "Untitled",
        "transform" : [
          0.73622316,
          -0.002578928,
          0.6767339,
          0,
          0.14854527,
          0.9762209,
          -0.15788314,
          0,
          -0.6602346,
          0.21676284,
          0.7190996,
          0,
          -5.6551876,
          2.3736,
          6.1134443,
          1
        ]
      },
      {
        "date" : 746470545.364221,
        "title" : "Untitled",
        "transform" : [
          0.96657026,
          -0.0025789288,
          0.2563887,
          0,
          0.08730846,
          0.94350207,
          -0.31965742,
          0,
          -0.24107884,
          0.3313563,
          0.91218626,
          0,
          -0.2854161,
          0.89370334,
          0.95851666,
          1
        ]
      },
      {
        "date" : 746470536.847677,
        "title" : "Untitled",
        "transform" : [
          0.86334383,
          -0.002578925,
          0.50460947,
          0,
          0.33728325,
          0.7467451,
          -0.57324654,
          0,
          -0.37533626,
          0.6651052,
          0.64556766,
          0,
          -0.03448263,
          0.69978094,
          -0.0016878285,
          1
        ]
      },
      {
        "date" : 746470535.12781,
        "title" : "Untitled",
        "transform" : [
          0.86334383,
          -0.002578925,
          0.50460947,
          0,
          0.33728325,
          0.7467451,
          -0.57324654,
          0,
          -0.37533626,
          0.6651052,
          0.64556766,
          0,
          -0.020641878,
          0.67525476,
          -0.025493558,
          1
        ]
      },
      {
        "date" : 746470531.681866,
        "title" : "Untitled",
        "transform" : [
          0.86334383,
          -0.002578925,
          0.50460947,
          0,
          0.33728325,
          0.7467451,
          -0.57324654,
          0,
          -0.37533626,
          0.6651052,
          0.64556766,
          0,
          -0.18485695,
          0.96624774,
          0.25695172,
          1
        ]
      },
      {
        "date" : 746470528.512131,
        "title" : "Untitled",
        "transform" : [
          0.8169267,
          -0.0025789223,
          0.5767356,
          0,
          0.28207046,
          0.8740189,
          -0.3956351,
          0,
          -0.5030575,
          0.485885,
          0.7147369,
          0,
          -0.32374394,
          0.8740576,
          0.40625632,
          1
        ]
      }
    ],
    "CBE4F12F-F57D-4CDC-B34D-C877FAB4EFDC" : [
      {
        "date" : 746988107.069071,
        "title" : "Untitled",
        "transform" : [
          0.99093777,
          0.017777858,
          0.13314058,
          0,
          0.065425634,
          0.8017926,
          -0.5940103,
          0,
          -0.117311366,
          0.597338,
          0.7933634,
          0,
          -0.009737957,
          1.0326898,
          0.675514,
          1
        ]
      },
      {
        "date" : 746988098.203642,
        "title" : "Untitled",
        "transform" : [
          0.9997219,
          0.017777858,
          -0.0155008435,
          0,
          -0.02353011,
          0.70624775,
          -0.7075737,
          0,
          -0.0016317125,
          0.7077416,
          0.70646954,
          0,
          0.006293124,
          0.81421345,
          0.29890528,
          1
        ]
      },
      {
        "date" : 746988061.525164,
        "title" : "Untitled",
        "transform" : [
          0.9997219,
          0.017777858,
          -0.0155008435,
          0,
          -0.023530114,
          0.7062478,
          -0.7075738,
          0,
          -0.0016317128,
          0.7077417,
          0.7064696,
          0,
          0.0058515025,
          1.0057627,
          0.4901104,
          1
        ]
      },
      {
        "date" : 746987967.871048,
        "title" : "Untitled",
        "transform" : [
          0.99943644,
          0.017777858,
          -0.028475959,
          0,
          -0.032285944,
          0.7413862,
          -0.6703016,
          0,
          0.009195152,
          0.6708432,
          0.7415423,
          0,
          -0.022015646,
          0.85489863,
          0.62953216,
          1
        ]
      },
      {
        "date" : 746987965.004197,
        "title" : "Untitled",
        "transform" : [
          0.99943644,
          0.017777858,
          -0.028475959,
          0,
          -0.032285944,
          0.7413862,
          -0.6703016,
          0,
          0.009195152,
          0.6708432,
          0.7415423,
          0,
          -0.0161592,
          1.2821627,
          1.1018245,
          1
        ]
      },
      {
        "date" : 746987948.423609,
        "title" : "Untitled",
        "transform" : [
          0.9983038,
          0.017777855,
          -0.055439036,
          0,
          -0.028512808,
          0.9795174,
          -0.1993309,
          0,
          0.050759822,
          0.20057347,
          0.9783628,
          0,
          0.090371296,
          0.8163981,
          0.32430124,
          1
        ]
      },
      {
        "date" : 746987945.077433,
        "title" : "Untitled",
        "transform" : [
          0.9983038,
          0.017777855,
          -0.055439036,
          0,
          -0.028512808,
          0.9795174,
          -0.1993309,
          0,
          0.050759822,
          0.20057347,
          0.9783628,
          0,
          0.099180765,
          0.8142418,
          0.32428616,
          1
        ]
      },
      {
        "date" : 746987941.374012,
        "title" : "Untitled",
        "transform" : [
          0.987722,
          0.017777855,
          -0.1552072,
          0,
          -0.07324495,
          0.9302387,
          -0.3595709,
          0,
          0.13798735,
          0.36652416,
          0.92011935,
          0,
          0.11742841,
          0.8511402,
          0.30052194,
          1
        ]
      },
      {
        "date" : 746987937.489174,
        "title" : "Untitled",
        "transform" : [
          0.98829764,
          0.017777855,
          -0.15149854,
          0,
          -0.071894735,
          0.9302387,
          -0.35984328,
          0,
          0.13453256,
          0.36652416,
          0.9206308,
          0,
          0.12837532,
          0.88301533,
          0.38064957,
          1
        ]
      },
      {
        "date" : 746987914.735255,
        "title" : "Untitled",
        "transform" : [
          0.98829764,
          0.017777855,
          -0.15149854,
          0,
          -0.071894735,
          0.9302387,
          -0.35984328,
          0,
          0.13453256,
          0.36652416,
          0.9206308,
          0,
          0.049230844,
          0.8552205,
          0.40328062,
          1
        ]
      }
    ]
  },
  "selectedSceneRelativePath" : "TableAndLaRana.usda"
}