{
  "advancedEditorSelectedIdentifier" : "ProjectBrowser",
  "openSceneRelativePaths" : [
    "TableAndLaRana.usda",
    "Triangulo.usda"
  ],
  "recentIdentifiers" : {
    "89A0F349-08D2-441D-8E46-690D7D19B2AD" : [

    ],
    "1608E04E-B18D-4D1C-9377-F059198F61D8" : [

    ],
    "CBE4F12F-F57D-4CDC-B34D-C877FAB4EFDC" : [

    ]
  },
  "sceneCameraHistory" : {
    "89A0F349-08D2-441D-8E46-690D7D19B2AD" : [
      {
        "date" : 749060267.091574,
        "title" : "Untitled",
        "transform" : [
          0.98970056,
          5.727397e-08,
          0.14315297,
          0,
          0.017254012,
          0.9927098,
          -0.119287804,
          0,
          -0.14210957,
          0.1205289,
          0.9824855,
          0,
          -0.29716825,
          1.6159252,
          3.804856,
          1
        ]
      },
      {
        "date" : 749060007.512073,
        "title" : "Untitled",
        "transform" : [
          0.9303562,
          5.848658e-08,
          0.36665705,
          0,
          -0.014756534,
          0.99918985,
          0.037442982,
          0,
          -0.3663602,
          -0.040246163,
          0.9296023,
          0,
          -1.2401386,
          0.98423076,
          3.8301172,
          1
        ]
      },
      {
        "date" : 749060003.767571,
        "title" : "Untitled",
        "transform" : [
          0.964777,
          6.035998e-08,
          0.26306915,
          0,
          0.014985095,
          0.9983762,
          -0.054956555,
          0,
          -0.26264217,
          0.05696267,
          0.96321034,
          0,
          -0.78515446,
          1.3697249,
          3.8319497,
          1
        ]
      },
      {
        "date" : 749059990.824574,
        "title" : "Untitled",
        "transform" : [
          0.9689799,
          7.258266e-08,
          0.2471397,
          0,
          0.040222295,
          0.98666704,
          -0.15770301,
          0,
          -0.24384487,
          0.16275138,
          0.9560605,
          0,
          -0.68047786,
          1.7768489,
          3.6818764,
          1
        ]
      },
      {
        "date" : 749059983.77505,
        "title" : "Untitled",
        "transform" : [
          0.99961984,
          7.1434336e-08,
          0.027570983,
          0,
          0.009225968,
          0.94235003,
          -0.3345015,
          0,
          -0.025981743,
          0.33462852,
          0.9419919,
          0,
          0.15775637,
          2.4093475,
          3.3684735,
          1
        ]
      },
      {
        "date" : 749059970.061436,
        "title" : "Untitled",
        "transform" : [
          0.9998266,
          7.173795e-08,
          0.018626634,
          0,
          0.0026459293,
          0.98985875,
          -0.14203045,
          0,
          -0.018437944,
          0.14205487,
          0.9896871,
          0,
          0.18026124,
          1.6982307,
          3.776238,
          1
        ]
      },
      {
        "date" : 749059956.584699,
        "title" : "Untitled",
        "transform" : [
          0.9898402,
          7.2473384e-08,
          0.14218444,
          0,
          0.053784393,
          0.9256943,
          -0.37442937,
          0,
          -0.13161954,
          0.37827235,
          0.9162894,
          0,
          -0.48824176,
          3.2102723,
          2.942949,
          1
        ]
      },
      {
        "date" : 749059891.934289,
        "title" : "Untitled",
        "transform" : [
          0.9898402,
          7.2473384e-08,
          0.14218444,
          0,
          0.053784393,
          0.9256943,
          -0.37442937,
          0,
          -0.13161954,
          0.37827235,
          0.9162894,
          0,
          -0.45318067,
          2.9797397,
          2.7316132,
          1
        ]
      },
      {
        "date" : 749059887.78405,
        "title" : "Untitled",
        "transform" : [
          0.9906472,
          7.279783e-08,
          0.13644828,
          0,
          0.022140214,
          0.9867478,
          -0.16074382,
          0,
          -0.13464023,
          0.16226122,
          0.9775189,
          0,
          -0.8846312,
          3.0506601,
          3.1463718,
          1
        ]
      },
      {
        "date" : 749059853.317133,
        "title" : "Untitled",
        "transform" : [
          0.9906472,
          7.279783e-08,
          0.13644828,
          0,
          0.022140214,
          0.9867478,
          -0.16074382,
          0,
          -0.13464023,
          0.16226122,
          0.9775189,
          0,
          -0.8346978,
          2.9681294,
          3.166949,
          1
        ]
      }
    ],
    "1608E04E-B18D-4D1C-9377-F059198F61D8" : [
      {
        "date" : 746551371.028787,
        "title" : "Untitled",
        "transform" : [
          0.8625937,
          -0.0025789216,
          0.50589067,
          0,
          0.20508341,
          0.9159165,
          -0.34501845,
          0,
          -0.46246374,
          0.40136054,
          0.7905928,
          0,
          -0.36910877,
          0.91692567,
          0.7306565,
          1
        ]
      },
      {
        "date" : 746551368.772286,
        "title" : "Untitled",
        "transform" : [
          -0.93058217,
          -0.002578922,
          0.36607385,
          0,
          0.2153265,
          0.8048464,
          0.5530432,
          0,
          -0.29605955,
          0.5934776,
          -0.74842036,
          0,
          -0.26573983,
          1.074527,
          -0.53444105,
          1
        ]
      },
      {
        "date" : 746550180.576834,
        "title" : "Untitled",
        "transform" : [
          0.9260558,
          -0.0025789284,
          0.37737787,
          0,
          0.10705145,
          0.96069616,
          -0.25613073,
          0,
          -0.3618848,
          0.27759022,
          0.8899343,
          0,
          -0.30392,
          0.8016814,
          0.8807912,
          1
        ]
      },
      {
        "date" : 746550177.54472,
        "title" : "Untitled",
        "transform" : [
          0.9988132,
          -0.0025789277,
          0.04863599,
          0,
          0.014377434,
          0.969708,
          -0.24384372,
          0,
          -0.046533763,
          0.2442536,
          0.96859425,
          0,
          -0.16737631,
          1.669852,
          4.530858,
          1
        ]
      },
      {
        "date" : 746550174.412358,
        "title" : "Untitled",
        "transform" : [
          0.73622316,
          -0.002578928,
          0.6767339,
          0,
          0.14854527,
          0.9762209,
          -0.15788314,
          0,
          -0.6602346,
          0.21676284,
          0.7190996,
          0,
          -5.6551876,
          2.3736,
          6.1134443,
          1
        ]
      },
      {
        "date" : 746470545.364221,
        "title" : "Untitled",
        "transform" : [
          0.96657026,
          -0.0025789288,
          0.2563887,
          0,
          0.08730846,
          0.94350207,
          -0.31965742,
          0,
          -0.24107884,
          0.3313563,
          0.91218626,
          0,
          -0.2854161,
          0.89370334,
          0.95851666,
          1
        ]
      },
      {
        "date" : 746470536.847677,
        "title" : "Untitled",
        "transform" : [
          0.86334383,
          -0.002578925,
          0.50460947,
          0,
          0.33728325,
          0.7467451,
          -0.57324654,
          0,
          -0.37533626,
          0.6651052,
          0.64556766,
          0,
          -0.03448263,
          0.69978094,
          -0.0016878285,
          1
        ]
      },
      {
        "date" : 746470535.12781,
        "title" : "Untitled",
        "transform" : [
          0.86334383,
          -0.002578925,
          0.50460947,
          0,
          0.33728325,
          0.7467451,
          -0.57324654,
          0,
          -0.37533626,
          0.6651052,
          0.64556766,
          0,
          -0.020641878,
          0.67525476,
          -0.025493558,
          1
        ]
      },
      {
        "date" : 746470531.681866,
        "title" : "Untitled",
        "transform" : [
          0.86334383,
          -0.002578925,
          0.50460947,
          0,
          0.33728325,
          0.7467451,
          -0.57324654,
          0,
          -0.37533626,
          0.6651052,
          0.64556766,
          0,
          -0.18485695,
          0.96624774,
          0.25695172,
          1
        ]
      },
      {
        "date" : 746470528.512131,
        "title" : "Untitled",
        "transform" : [
          0.8169267,
          -0.0025789223,
          0.5767356,
          0,
          0.28207046,
          0.8740189,
          -0.3956351,
          0,
          -0.5030575,
          0.485885,
          0.7147369,
          0,
          -0.32374394,
          0.8740576,
          0.40625632,
          1
        ]
      }
    ],
    "CBE4F12F-F57D-4CDC-B34D-C877FAB4EFDC" : [
      {
        "date" : 748893882.857732,
        "title" : "Untitled",
        "transform" : [
          0.9399623,
          0.017777827,
          0.3408151,
          0,
          0.14893822,
          0.87715626,
          -0.45652407,
          0,
          -0.3070639,
          0.47987548,
          0.8218463,
          0,
          -0.22665396,
          1.0739295,
          0.7232914,
          1
        ]
      },
      {
        "date" : 748893879.640926,
        "title" : "Untitled",
        "transform" : [
          0.9399623,
          0.017777827,
          0.3408151,
          0,
          0.14893822,
          0.87715626,
          -0.45652407,
          0,
          -0.3070639,
          0.47987548,
          0.8218463,
          0,
          -0.32255876,
          1.2238086,
          0.9799777,
          1
        ]
      },
      {
        "date" : 748893877.891801,
        "title" : "Untitled",
        "transform" : [
          0.9399623,
          0.017777827,
          0.3408151,
          0,
          0.14893822,
          0.87715626,
          -0.45652407,
          0,
          -0.3070639,
          0.47987548,
          0.8218463,
          0,
          -0.37806785,
          1.3105576,
          1.128546,
          1
        ]
      },
      {
        "date" : 748893870.296925,
        "title" : "Untitled",
        "transform" : [
          0.9703737,
          0.017777825,
          0.24095441,
          0,
          0.10549128,
          0.86603254,
          -0.48873234,
          0,
          -0.21736273,
          0.49967116,
          0.83849996,
          0,
          -0.07486439,
          0.9055233,
          0.42617083,
          1
        ]
      },
      {
        "date" : 748893808.557223,
        "title" : "Untitled",
        "transform" : [
          0.9703737,
          0.017777825,
          0.24095441,
          0,
          0.10549128,
          0.86603254,
          -0.48873234,
          0,
          -0.21736273,
          0.49967116,
          0.83849996,
          0,
          -0.19323245,
          1.1776267,
          0.8827885,
          1
        ]
      },
      {
        "date" : 748893805.074877,
        "title" : "Untitled",
        "transform" : [
          0.9924246,
          0.017777827,
          -0.121561706,
          0,
          -0.07193205,
          0.886221,
          -0.45764408,
          0,
          0.09959492,
          0.46292102,
          0.8807866,
          0,
          0.11480204,
          1.1419646,
          0.91626793,
          1
        ]
      },
      {
        "date" : 748893803.946372,
        "title" : "Untitled",
        "transform" : [
          0.9924246,
          0.017777827,
          -0.121561706,
          0,
          -0.07193205,
          0.886221,
          -0.45764408,
          0,
          0.09959492,
          0.46292102,
          0.8807866,
          0,
          0.060661793,
          0.8903186,
          0.43746835,
          1
        ]
      },
      {
        "date" : 748893799.090034,
        "title" : "Untitled",
        "transform" : [
          0.9924246,
          0.017777827,
          -0.121561706,
          0,
          -0.07193205,
          0.886221,
          -0.45764408,
          0,
          0.09959492,
          0.46292102,
          0.8807866,
          0,
          0.20335282,
          1.5535527,
          1.6993842,
          1
        ]
      },
      {
        "date" : 748893798.008416,
        "title" : "Untitled",
        "transform" : [
          0.9924246,
          0.017777827,
          -0.121561706,
          0,
          -0.07193205,
          0.886221,
          -0.45764408,
          0,
          0.09959492,
          0.46292102,
          0.8807866,
          0,
          0.064598955,
          0.9086196,
          0.4722881,
          1
        ]
      },
      {
        "date" : 748893794.473214,
        "title" : "Untitled",
        "transform" : [
          0.86835426,
          0.01777783,
          0.49562594,
          0,
          0.18138966,
          0.91873187,
          -0.35075566,
          0,
          -0.46158284,
          0.3944811,
          0.79456025,
          0,
          -0.1982642,
          0.8768021,
          0.442019,
          1
        ]
      }
    ]
  },
  "selectedSceneRelativePath" : "Triangulo.usda"
}