{
  "advancedEditorSelectedIdentifier" : "ProjectBrowser",
  "openSceneRelativePaths" : [
    "TableAndLaRana.usda"
  ],
  "recentIdentifiers" : {
    "1608E04E-B18D-4D1C-9377-F059198F61D8" : [

    ],
    "CBE4F12F-F57D-4CDC-B34D-C877FAB4EFDC" : [

    ]
  },
  "sceneCameraHistory" : {
    "1608E04E-B18D-4D1C-9377-F059198F61D8" : [
      {
        "date" : 746551371.028787,
        "title" : "Untitled",
        "transform" : [
          0.8625937,
          -0.0025789216,
          0.50589067,
          0,
          0.20508341,
          0.9159165,
          -0.34501845,
          0,
          -0.46246374,
          0.40136054,
          0.7905928,
          0,
          -0.36910877,
          0.91692567,
          0.7306565,
          1
        ]
      },
      {
        "date" : 746551368.772286,
        "title" : "Untitled",
        "transform" : [
          -0.93058217,
          -0.002578922,
          0.36607385,
          0,
          0.2153265,
          0.8048464,
          0.5530432,
          0,
          -0.29605955,
          0.5934776,
          -0.74842036,
          0,
          -0.26573983,
          1.074527,
          -0.53444105,
          1
        ]
      },
      {
        "date" : 746550180.576834,
        "title" : "Untitled",
        "transform" : [
          0.9260558,
          -0.0025789284,
          0.37737787,
          0,
          0.10705145,
          0.96069616,
          -0.25613073,
          0,
          -0.3618848,
          0.27759022,
          0.8899343,
          0,
          -0.30392,
          0.8016814,
          0.8807912,
          1
        ]
      },
      {
        "date" : 746550177.54472,
        "title" : "Untitled",
        "transform" : [
          0.9988132,
          -0.0025789277,
          0.04863599,
          0,
          0.014377434,
          0.969708,
          -0.24384372,
          0,
          -0.046533763,
          0.2442536,
          0.96859425,
          0,
          -0.16737631,
          1.669852,
          4.530858,
          1
        ]
      },
      {
        "date" : 746550174.412358,
        "title" : "Untitled",
        "transform" : [
          0.73622316,
          -0.002578928,
          0.6767339,
          0,
          0.14854527,
          0.9762209,
          -0.15788314,
          0,
          -0.6602346,
          0.21676284,
          0.7190996,
          0,
          -5.6551876,
          2.3736,
          6.1134443,
          1
        ]
      },
      {
        "date" : 746470545.364221,
        "title" : "Untitled",
        "transform" : [
          0.96657026,
          -0.0025789288,
          0.2563887,
          0,
          0.08730846,
          0.94350207,
          -0.31965742,
          0,
          -0.24107884,
          0.3313563,
          0.91218626,
          0,
          -0.2854161,
          0.89370334,
          0.95851666,
          1
        ]
      },
      {
        "date" : 746470536.847677,
        "title" : "Untitled",
        "transform" : [
          0.86334383,
          -0.002578925,
          0.50460947,
          0,
          0.33728325,
          0.7467451,
          -0.57324654,
          0,
          -0.37533626,
          0.6651052,
          0.64556766,
          0,
          -0.03448263,
          0.69978094,
          -0.0016878285,
          1
        ]
      },
      {
        "date" : 746470535.12781,
        "title" : "Untitled",
        "transform" : [
          0.86334383,
          -0.002578925,
          0.50460947,
          0,
          0.33728325,
          0.7467451,
          -0.57324654,
          0,
          -0.37533626,
          0.6651052,
          0.64556766,
          0,
          -0.020641878,
          0.67525476,
          -0.025493558,
          1
        ]
      },
      {
        "date" : 746470531.681866,
        "title" : "Untitled",
        "transform" : [
          0.86334383,
          -0.002578925,
          0.50460947,
          0,
          0.33728325,
          0.7467451,
          -0.57324654,
          0,
          -0.37533626,
          0.6651052,
          0.64556766,
          0,
          -0.18485695,
          0.96624774,
          0.25695172,
          1
        ]
      },
      {
        "date" : 746470528.512131,
        "title" : "Untitled",
        "transform" : [
          0.8169267,
          -0.0025789223,
          0.5767356,
          0,
          0.28207046,
          0.8740189,
          -0.3956351,
          0,
          -0.5030575,
          0.485885,
          0.7147369,
          0,
          -0.32374394,
          0.8740576,
          0.40625632,
          1
        ]
      }
    ],
    "CBE4F12F-F57D-4CDC-B34D-C877FAB4EFDC" : [
      {
        "date" : 747320037.620872,
        "title" : "Untitled",
        "transform" : [
          0.999838,
          0.017777873,
          0.0028408824,
          0,
          -0.013963946,
          0.8653879,
          -0.50090784,
          0,
          -0.011363513,
          0.5007869,
          0.86549604,
          0,
          0.006887695,
          0.89730394,
          0.68744457,
          1
        ]
      },
      {
        "date" : 747320025.881845,
        "title" : "Untitled",
        "transform" : [
          0.999838,
          0.017777873,
          0.0028408824,
          0,
          -0.013963946,
          0.8653879,
          -0.50090784,
          0,
          -0.011363513,
          0.5007869,
          0.86549604,
          0,
          0.08061703,
          0.706826,
          0.16229373,
          1
        ]
      },
      {
        "date" : 747320022.055836,
        "title" : "Untitled",
        "transform" : [
          0.999838,
          0.017777873,
          0.0028408824,
          0,
          -0.013963946,
          0.8653879,
          -0.50090784,
          0,
          -0.011363513,
          0.5007869,
          0.86549604,
          0,
          0.018884681,
          0.7439199,
          0.22146946,
          1
        ]
      },
      {
        "date" : 747320012.285138,
        "title" : "Untitled",
        "transform" : [
          0.999838,
          0.017777873,
          0.0028408824,
          0,
          -0.013963946,
          0.8653879,
          -0.50090784,
          0,
          -0.011363513,
          0.5007869,
          0.86549604,
          0,
          0.016444407,
          0.8514622,
          0.40733182,
          1
        ]
      },
      {
        "date" : 747320007.133241,
        "title" : "Untitled",
        "transform" : [
          0.999838,
          0.017777873,
          0.0028408824,
          0,
          -0.013963946,
          0.8653879,
          -0.50090784,
          0,
          -0.011363513,
          0.5007869,
          0.86549604,
          0,
          -0.021781303,
          0.86625504,
          0.3982706,
          1
        ]
      },
      {
        "date" : 747320004.475022,
        "title" : "Untitled",
        "transform" : [
          0.999838,
          0.017777873,
          0.0028408824,
          0,
          -0.013963946,
          0.8653879,
          -0.50090784,
          0,
          -0.011363513,
          0.5007869,
          0.86549604,
          0,
          -0.036919333,
          0.8350407,
          0.41613287,
          1
        ]
      },
      {
        "date" : 747319995.652476,
        "title" : "Untitled",
        "transform" : [
          0.999838,
          0.017777873,
          0.0028408824,
          0,
          -0.013963946,
          0.8653879,
          -0.50090784,
          0,
          -0.011363513,
          0.5007869,
          0.86549604,
          0,
          -0.055040516,
          0.8501916,
          0.40712854,
          1
        ]
      },
      {
        "date" : 747319991.63641,
        "title" : "Untitled",
        "transform" : [
          0.99974865,
          0.017777873,
          0.013665856,
          0,
          -0.009001065,
          0.8763633,
          -0.48156655,
          0,
          -0.020537455,
          0.4813224,
          0.876303,
          0,
          -0.07491268,
          0.81514657,
          0.4391992,
          1
        ]
      },
      {
        "date" : 747319988.581362,
        "title" : "Untitled",
        "transform" : [
          0.98262036,
          0.017777873,
          0.18477339,
          0,
          0.08138738,
          0.85336494,
          -0.51492184,
          0,
          -0.16683331,
          0.52101076,
          0.83708686,
          0,
          -0.19947733,
          0.8334407,
          0.371822,
          1
        ]
      },
      {
        "date" : 747319983.141239,
        "title" : "Untitled",
        "transform" : [
          0.8074025,
          0.017777875,
          0.5897332,
          0,
          0.35804608,
          0.7796865,
          -0.51370424,
          0,
          -0.46893957,
          0.6259175,
          0.6231556,
          0,
          -0.07346577,
          0.8635229,
          0.32706624,
          1
        ]
      }
    ]
  },
  "selectedSceneRelativePath" : "TableAndLaRana.usda"
}