{
  "advancedEditorSelectedIdentifier" : "ProjectBrowser",
  "openSceneRelativePaths" : [
    "TableAndLaRana.usda"
  ],
  "recentIdentifiers" : {
    "1608E04E-B18D-4D1C-9377-F059198F61D8" : [

    ],
    "CBE4F12F-F57D-4CDC-B34D-C877FAB4EFDC" : [

    ]
  },
  "sceneCameraHistory" : {
    "1608E04E-B18D-4D1C-9377-F059198F61D8" : [
      {
        "date" : 746551371.028787,
        "title" : "Untitled",
        "transform" : [
          0.8625937,
          -0.0025789216,
          0.50589067,
          0,
          0.20508341,
          0.9159165,
          -0.34501845,
          0,
          -0.46246374,
          0.40136054,
          0.7905928,
          0,
          -0.36910877,
          0.91692567,
          0.7306565,
          1
        ]
      },
      {
        "date" : 746551368.772286,
        "title" : "Untitled",
        "transform" : [
          -0.93058217,
          -0.002578922,
          0.36607385,
          0,
          0.2153265,
          0.8048464,
          0.5530432,
          0,
          -0.29605955,
          0.5934776,
          -0.74842036,
          0,
          -0.26573983,
          1.074527,
          -0.53444105,
          1
        ]
      },
      {
        "date" : 746550180.576834,
        "title" : "Untitled",
        "transform" : [
          0.9260558,
          -0.0025789284,
          0.37737787,
          0,
          0.10705145,
          0.96069616,
          -0.25613073,
          0,
          -0.3618848,
          0.27759022,
          0.8899343,
          0,
          -0.30392,
          0.8016814,
          0.8807912,
          1
        ]
      },
      {
        "date" : 746550177.54472,
        "title" : "Untitled",
        "transform" : [
          0.9988132,
          -0.0025789277,
          0.04863599,
          0,
          0.014377434,
          0.969708,
          -0.24384372,
          0,
          -0.046533763,
          0.2442536,
          0.96859425,
          0,
          -0.16737631,
          1.669852,
          4.530858,
          1
        ]
      },
      {
        "date" : 746550174.412358,
        "title" : "Untitled",
        "transform" : [
          0.73622316,
          -0.002578928,
          0.6767339,
          0,
          0.14854527,
          0.9762209,
          -0.15788314,
          0,
          -0.6602346,
          0.21676284,
          0.7190996,
          0,
          -5.6551876,
          2.3736,
          6.1134443,
          1
        ]
      },
      {
        "date" : 746470545.364221,
        "title" : "Untitled",
        "transform" : [
          0.96657026,
          -0.0025789288,
          0.2563887,
          0,
          0.08730846,
          0.94350207,
          -0.31965742,
          0,
          -0.24107884,
          0.3313563,
          0.91218626,
          0,
          -0.2854161,
          0.89370334,
          0.95851666,
          1
        ]
      },
      {
        "date" : 746470536.847677,
        "title" : "Untitled",
        "transform" : [
          0.86334383,
          -0.002578925,
          0.50460947,
          0,
          0.33728325,
          0.7467451,
          -0.57324654,
          0,
          -0.37533626,
          0.6651052,
          0.64556766,
          0,
          -0.03448263,
          0.69978094,
          -0.0016878285,
          1
        ]
      },
      {
        "date" : 746470535.12781,
        "title" : "Untitled",
        "transform" : [
          0.86334383,
          -0.002578925,
          0.50460947,
          0,
          0.33728325,
          0.7467451,
          -0.57324654,
          0,
          -0.37533626,
          0.6651052,
          0.64556766,
          0,
          -0.020641878,
          0.67525476,
          -0.025493558,
          1
        ]
      },
      {
        "date" : 746470531.681866,
        "title" : "Untitled",
        "transform" : [
          0.86334383,
          -0.002578925,
          0.50460947,
          0,
          0.33728325,
          0.7467451,
          -0.57324654,
          0,
          -0.37533626,
          0.6651052,
          0.64556766,
          0,
          -0.18485695,
          0.96624774,
          0.25695172,
          1
        ]
      },
      {
        "date" : 746470528.512131,
        "title" : "Untitled",
        "transform" : [
          0.8169267,
          -0.0025789223,
          0.5767356,
          0,
          0.28207046,
          0.8740189,
          -0.3956351,
          0,
          -0.5030575,
          0.485885,
          0.7147369,
          0,
          -0.32374394,
          0.8740576,
          0.40625632,
          1
        ]
      }
    ],
    "CBE4F12F-F57D-4CDC-B34D-C877FAB4EFDC" : [
      {
        "date" : 747583794.783337,
        "title" : "Untitled",
        "transform" : [
          0.99318266,
          0.01777787,
          0.11520492,
          0,
          0.03919024,
          0.8798498,
          -0.4736331,
          0,
          -0.1097832,
          0.47491905,
          0.873155,
          0,
          -0.07085839,
          1.1966546,
          1.0551564,
          1
        ]
      },
      {
        "date" : 747583791.456889,
        "title" : "Untitled",
        "transform" : [
          0.99318266,
          0.01777787,
          0.11520492,
          0,
          0.03919024,
          0.8798498,
          -0.4736331,
          0,
          -0.1097832,
          0.47491905,
          0.873155,
          0,
          -0.0773715,
          0.9664291,
          0.7884817,
          1
        ]
      },
      {
        "date" : 747583787.003813,
        "title" : "Untitled",
        "transform" : [
          0.99318266,
          0.01777787,
          0.11520492,
          0,
          0.03919024,
          0.8798498,
          -0.4736331,
          0,
          -0.1097832,
          0.47491905,
          0.873155,
          0,
          -0.20322745,
          1.5838783,
          2.207391,
          1
        ]
      },
      {
        "date" : 747583768.604649,
        "title" : "Untitled",
        "transform" : [
          0.99318266,
          0.01777787,
          0.11520492,
          0,
          0.03919024,
          0.8798498,
          -0.4736331,
          0,
          -0.1097832,
          0.47491905,
          0.873155,
          0,
          0.09285051,
          0.6716674,
          0.16169806,
          1
        ]
      },
      {
        "date" : 747583763.536344,
        "title" : "Untitled",
        "transform" : [
          0.99318266,
          0.01777787,
          0.11520492,
          0,
          0.03919024,
          0.8798498,
          -0.4736331,
          0,
          -0.1097832,
          0.47491905,
          0.873155,
          0,
          0.03577806,
          1.0042872,
          0.6542169,
          1
        ]
      },
      {
        "date" : 747580610.423599,
        "title" : "Untitled",
        "transform" : [
          0.9931828,
          0.017777871,
          0.11520494,
          0,
          0.03919024,
          0.8798498,
          -0.4736331,
          0,
          -0.1097832,
          0.47491905,
          0.873155,
          0,
          -0.22256206,
          0.8040051,
          0.73067117,
          1
        ]
      },
      {
        "date" : 747391350.537884,
        "title" : "Untitled",
        "transform" : [
          0.999838,
          0.017777873,
          0.0028408824,
          0,
          -0.013963946,
          0.8653879,
          -0.50090784,
          0,
          -0.011363513,
          0.5007869,
          0.86549604,
          0,
          -0.13934486,
          0.82591844,
          0.7268288,
          1
        ]
      },
      {
        "date" : 747320037.620872,
        "title" : "Untitled",
        "transform" : [
          0.999838,
          0.017777873,
          0.0028408824,
          0,
          -0.013963946,
          0.8653879,
          -0.50090784,
          0,
          -0.011363513,
          0.5007869,
          0.86549604,
          0,
          0.006887695,
          0.89730394,
          0.68744457,
          1
        ]
      },
      {
        "date" : 747320025.881845,
        "title" : "Untitled",
        "transform" : [
          0.999838,
          0.017777873,
          0.0028408824,
          0,
          -0.013963946,
          0.8653879,
          -0.50090784,
          0,
          -0.011363513,
          0.5007869,
          0.86549604,
          0,
          0.08061703,
          0.706826,
          0.16229373,
          1
        ]
      },
      {
        "date" : 747320022.055836,
        "title" : "Untitled",
        "transform" : [
          0.999838,
          0.017777873,
          0.0028408824,
          0,
          -0.013963946,
          0.8653879,
          -0.50090784,
          0,
          -0.011363513,
          0.5007869,
          0.86549604,
          0,
          0.018884681,
          0.7439199,
          0.22146946,
          1
        ]
      }
    ]
  },
  "selectedSceneRelativePath" : "TableAndLaRana.usda"
}