{
  "advancedEditorSelectedIdentifier" : "ProjectBrowser",
  "openSceneRelativePaths" : [
    "TableAndLaRana.usda"
  ],
  "recentIdentifiers" : {
    "1608E04E-B18D-4D1C-9377-F059198F61D8" : [

    ],
    "CBE4F12F-F57D-4CDC-B34D-C877FAB4EFDC" : [

    ]
  },
  "sceneCameraHistory" : {
    "1608E04E-B18D-4D1C-9377-F059198F61D8" : [
      {
        "date" : 746551371.028787,
        "title" : "Untitled",
        "transform" : [
          0.8625937,
          -0.0025789216,
          0.50589067,
          0,
          0.20508341,
          0.9159165,
          -0.34501845,
          0,
          -0.46246374,
          0.40136054,
          0.7905928,
          0,
          -0.36910877,
          0.91692567,
          0.7306565,
          1
        ]
      },
      {
        "date" : 746551368.772286,
        "title" : "Untitled",
        "transform" : [
          -0.93058217,
          -0.002578922,
          0.36607385,
          0,
          0.2153265,
          0.8048464,
          0.5530432,
          0,
          -0.29605955,
          0.5934776,
          -0.74842036,
          0,
          -0.26573983,
          1.074527,
          -0.53444105,
          1
        ]
      },
      {
        "date" : 746550180.576834,
        "title" : "Untitled",
        "transform" : [
          0.9260558,
          -0.0025789284,
          0.37737787,
          0,
          0.10705145,
          0.96069616,
          -0.25613073,
          0,
          -0.3618848,
          0.27759022,
          0.8899343,
          0,
          -0.30392,
          0.8016814,
          0.8807912,
          1
        ]
      },
      {
        "date" : 746550177.54472,
        "title" : "Untitled",
        "transform" : [
          0.9988132,
          -0.0025789277,
          0.04863599,
          0,
          0.014377434,
          0.969708,
          -0.24384372,
          0,
          -0.046533763,
          0.2442536,
          0.96859425,
          0,
          -0.16737631,
          1.669852,
          4.530858,
          1
        ]
      },
      {
        "date" : 746550174.412358,
        "title" : "Untitled",
        "transform" : [
          0.73622316,
          -0.002578928,
          0.6767339,
          0,
          0.14854527,
          0.9762209,
          -0.15788314,
          0,
          -0.6602346,
          0.21676284,
          0.7190996,
          0,
          -5.6551876,
          2.3736,
          6.1134443,
          1
        ]
      },
      {
        "date" : 746470545.364221,
        "title" : "Untitled",
        "transform" : [
          0.96657026,
          -0.0025789288,
          0.2563887,
          0,
          0.08730846,
          0.94350207,
          -0.31965742,
          0,
          -0.24107884,
          0.3313563,
          0.91218626,
          0,
          -0.2854161,
          0.89370334,
          0.95851666,
          1
        ]
      },
      {
        "date" : 746470536.847677,
        "title" : "Untitled",
        "transform" : [
          0.86334383,
          -0.002578925,
          0.50460947,
          0,
          0.33728325,
          0.7467451,
          -0.57324654,
          0,
          -0.37533626,
          0.6651052,
          0.64556766,
          0,
          -0.03448263,
          0.69978094,
          -0.0016878285,
          1
        ]
      },
      {
        "date" : 746470535.12781,
        "title" : "Untitled",
        "transform" : [
          0.86334383,
          -0.002578925,
          0.50460947,
          0,
          0.33728325,
          0.7467451,
          -0.57324654,
          0,
          -0.37533626,
          0.6651052,
          0.64556766,
          0,
          -0.020641878,
          0.67525476,
          -0.025493558,
          1
        ]
      },
      {
        "date" : 746470531.681866,
        "title" : "Untitled",
        "transform" : [
          0.86334383,
          -0.002578925,
          0.50460947,
          0,
          0.33728325,
          0.7467451,
          -0.57324654,
          0,
          -0.37533626,
          0.6651052,
          0.64556766,
          0,
          -0.18485695,
          0.96624774,
          0.25695172,
          1
        ]
      },
      {
        "date" : 746470528.512131,
        "title" : "Untitled",
        "transform" : [
          0.8169267,
          -0.0025789223,
          0.5767356,
          0,
          0.28207046,
          0.8740189,
          -0.3956351,
          0,
          -0.5030575,
          0.485885,
          0.7147369,
          0,
          -0.32374394,
          0.8740576,
          0.40625632,
          1
        ]
      }
    ],
    "CBE4F12F-F57D-4CDC-B34D-C877FAB4EFDC" : [
      {
        "date" : 748790080.01769,
        "title" : "Untitled",
        "transform" : [
          0.6999281,
          0.017777823,
          0.7139921,
          0,
          0.27682987,
          0.9147888,
          -0.29415452,
          0,
          -0.6583813,
          0.403541,
          0.6353651,
          0,
          -0.29281768,
          0.8810071,
          0.37229735,
          1
        ]
      },
      {
        "date" : 748790077.529212,
        "title" : "Untitled",
        "transform" : [
          0.80875874,
          0.01777783,
          0.5878719,
          0,
          0.04468908,
          0.994796,
          -0.09156425,
          0,
          -0.5864402,
          0.10032448,
          0.8037556,
          0,
          -0.104799844,
          0.72548026,
          0.22070783,
          1
        ]
      },
      {
        "date" : 748790069.65807,
        "title" : "Untitled",
        "transform" : [
          -0.095801294,
          0.017777832,
          0.99524176,
          0,
          0.0034648753,
          0.9998403,
          -0.017526502,
          0,
          -0.99539447,
          0.0017689728,
          -0.09584732,
          0,
          -0.18820606,
          0.7068787,
          0.053716335,
          1
        ]
      },
      {
        "date" : 748790057.839268,
        "title" : "Untitled",
        "transform" : [
          0.025614552,
          0.017777834,
          0.9995138,
          0,
          0.091029175,
          0.9956465,
          -0.020041905,
          0,
          -0.9955187,
          0.09149793,
          0.023885014,
          0,
          -0.18802407,
          0.72381115,
          0.0763178,
          1
        ]
      },
      {
        "date" : 748790049.920155,
        "title" : "Untitled",
        "transform" : [
          0.054276444,
          0.017777832,
          0.99836767,
          0,
          0.18417825,
          0.9825078,
          -0.027508354,
          0,
          -0.98139316,
          0.18537033,
          0.050053015,
          0,
          -0.46748373,
          0.78285456,
          0.10713217,
          1
        ]
      },
      {
        "date" : 748790036.178114,
        "title" : "Untitled",
        "transform" : [
          0.119514875,
          0.017777832,
          0.9926732,
          0,
          0.23181102,
          0.97170496,
          -0.04531171,
          0,
          -0.96539116,
          0.23552768,
          0.11201239,
          0,
          -0.45963883,
          0.8068264,
          0.1367274,
          1
        ]
      },
      {
        "date" : 748788294.571484,
        "title" : "Untitled",
        "transform" : [
          0.99183863,
          0.017777827,
          0.12625365,
          0,
          0.050416302,
          0.8548396,
          -0.5164372,
          0,
          -0.11710751,
          0.5185873,
          0.84696686,
          0,
          -0.03796095,
          0.94322693,
          0.4780661,
          1
        ]
      },
      {
        "date" : 748787858.490546,
        "title" : "Untitled",
        "transform" : [
          0.99482733,
          0.01777783,
          0.10001252,
          0,
          0.06555855,
          0.6397001,
          -0.76582366,
          0,
          -0.077592455,
          0.7684187,
          0.6352259,
          0,
          -0.019492242,
          1.0658532,
          0.3822726,
          1
        ]
      },
      {
        "date" : 748787838.898508,
        "title" : "Untitled",
        "transform" : [
          0.99482733,
          0.01777783,
          0.10001252,
          0,
          0.06555856,
          0.6397002,
          -0.7658238,
          0,
          -0.077592455,
          0.7684187,
          0.6352259,
          0,
          -0.01662351,
          0.9089884,
          0.32601237,
          1
        ]
      },
      {
        "date" : 748787830.700331,
        "title" : "Untitled",
        "transform" : [
          0.953267,
          0.01777783,
          0.30160585,
          0,
          0.15069734,
          0.8372467,
          -0.5256505,
          0,
          -0.26186317,
          0.5465361,
          0.7954407,
          0,
          -0.08216634,
          0.82340074,
          0.3609565,
          1
        ]
      }
    ]
  },
  "selectedSceneRelativePath" : "TableAndLaRana.usda"
}