{
  "advancedEditorSelectedIdentifier" : "ProjectBrowser",
  "openSceneRelativePaths" : [
    "TableAndLaRana.usda"
  ],
  "recentIdentifiers" : {
    "1608E04E-B18D-4D1C-9377-F059198F61D8" : [

    ],
    "CBE4F12F-F57D-4CDC-B34D-C877FAB4EFDC" : [

    ]
  },
  "sceneCameraHistory" : {
    "1608E04E-B18D-4D1C-9377-F059198F61D8" : [
      {
        "date" : 746551371.028787,
        "title" : "Untitled",
        "transform" : [
          0.8625937,
          -0.0025789216,
          0.50589067,
          0,
          0.20508341,
          0.9159165,
          -0.34501845,
          0,
          -0.46246374,
          0.40136054,
          0.7905928,
          0,
          -0.36910877,
          0.91692567,
          0.7306565,
          1
        ]
      },
      {
        "date" : 746551368.772286,
        "title" : "Untitled",
        "transform" : [
          -0.93058217,
          -0.002578922,
          0.36607385,
          0,
          0.2153265,
          0.8048464,
          0.5530432,
          0,
          -0.29605955,
          0.5934776,
          -0.74842036,
          0,
          -0.26573983,
          1.074527,
          -0.53444105,
          1
        ]
      },
      {
        "date" : 746550180.576834,
        "title" : "Untitled",
        "transform" : [
          0.9260558,
          -0.0025789284,
          0.37737787,
          0,
          0.10705145,
          0.96069616,
          -0.25613073,
          0,
          -0.3618848,
          0.27759022,
          0.8899343,
          0,
          -0.30392,
          0.8016814,
          0.8807912,
          1
        ]
      },
      {
        "date" : 746550177.54472,
        "title" : "Untitled",
        "transform" : [
          0.9988132,
          -0.0025789277,
          0.04863599,
          0,
          0.014377434,
          0.969708,
          -0.24384372,
          0,
          -0.046533763,
          0.2442536,
          0.96859425,
          0,
          -0.16737631,
          1.669852,
          4.530858,
          1
        ]
      },
      {
        "date" : 746550174.412358,
        "title" : "Untitled",
        "transform" : [
          0.73622316,
          -0.002578928,
          0.6767339,
          0,
          0.14854527,
          0.9762209,
          -0.15788314,
          0,
          -0.6602346,
          0.21676284,
          0.7190996,
          0,
          -5.6551876,
          2.3736,
          6.1134443,
          1
        ]
      },
      {
        "date" : 746470545.364221,
        "title" : "Untitled",
        "transform" : [
          0.96657026,
          -0.0025789288,
          0.2563887,
          0,
          0.08730846,
          0.94350207,
          -0.31965742,
          0,
          -0.24107884,
          0.3313563,
          0.91218626,
          0,
          -0.2854161,
          0.89370334,
          0.95851666,
          1
        ]
      },
      {
        "date" : 746470536.847677,
        "title" : "Untitled",
        "transform" : [
          0.86334383,
          -0.002578925,
          0.50460947,
          0,
          0.33728325,
          0.7467451,
          -0.57324654,
          0,
          -0.37533626,
          0.6651052,
          0.64556766,
          0,
          -0.03448263,
          0.69978094,
          -0.0016878285,
          1
        ]
      },
      {
        "date" : 746470535.12781,
        "title" : "Untitled",
        "transform" : [
          0.86334383,
          -0.002578925,
          0.50460947,
          0,
          0.33728325,
          0.7467451,
          -0.57324654,
          0,
          -0.37533626,
          0.6651052,
          0.64556766,
          0,
          -0.020641878,
          0.67525476,
          -0.025493558,
          1
        ]
      },
      {
        "date" : 746470531.681866,
        "title" : "Untitled",
        "transform" : [
          0.86334383,
          -0.002578925,
          0.50460947,
          0,
          0.33728325,
          0.7467451,
          -0.57324654,
          0,
          -0.37533626,
          0.6651052,
          0.64556766,
          0,
          -0.18485695,
          0.96624774,
          0.25695172,
          1
        ]
      },
      {
        "date" : 746470528.512131,
        "title" : "Untitled",
        "transform" : [
          0.8169267,
          -0.0025789223,
          0.5767356,
          0,
          0.28207046,
          0.8740189,
          -0.3956351,
          0,
          -0.5030575,
          0.485885,
          0.7147369,
          0,
          -0.32374394,
          0.8740576,
          0.40625632,
          1
        ]
      }
    ],
    "CBE4F12F-F57D-4CDC-B34D-C877FAB4EFDC" : [
      {
        "date" : 748893882.857732,
        "title" : "Untitled",
        "transform" : [
          0.9399623,
          0.017777827,
          0.3408151,
          0,
          0.14893822,
          0.87715626,
          -0.45652407,
          0,
          -0.3070639,
          0.47987548,
          0.8218463,
          0,
          -0.22665396,
          1.0739295,
          0.7232914,
          1
        ]
      },
      {
        "date" : 748893879.640926,
        "title" : "Untitled",
        "transform" : [
          0.9399623,
          0.017777827,
          0.3408151,
          0,
          0.14893822,
          0.87715626,
          -0.45652407,
          0,
          -0.3070639,
          0.47987548,
          0.8218463,
          0,
          -0.32255876,
          1.2238086,
          0.9799777,
          1
        ]
      },
      {
        "date" : 748893877.891801,
        "title" : "Untitled",
        "transform" : [
          0.9399623,
          0.017777827,
          0.3408151,
          0,
          0.14893822,
          0.87715626,
          -0.45652407,
          0,
          -0.3070639,
          0.47987548,
          0.8218463,
          0,
          -0.37806785,
          1.3105576,
          1.128546,
          1
        ]
      },
      {
        "date" : 748893870.296925,
        "title" : "Untitled",
        "transform" : [
          0.9703737,
          0.017777825,
          0.24095441,
          0,
          0.10549128,
          0.86603254,
          -0.48873234,
          0,
          -0.21736273,
          0.49967116,
          0.83849996,
          0,
          -0.07486439,
          0.9055233,
          0.42617083,
          1
        ]
      },
      {
        "date" : 748893808.557223,
        "title" : "Untitled",
        "transform" : [
          0.9703737,
          0.017777825,
          0.24095441,
          0,
          0.10549128,
          0.86603254,
          -0.48873234,
          0,
          -0.21736273,
          0.49967116,
          0.83849996,
          0,
          -0.19323245,
          1.1776267,
          0.8827885,
          1
        ]
      },
      {
        "date" : 748893805.074877,
        "title" : "Untitled",
        "transform" : [
          0.9924246,
          0.017777827,
          -0.121561706,
          0,
          -0.07193205,
          0.886221,
          -0.45764408,
          0,
          0.09959492,
          0.46292102,
          0.8807866,
          0,
          0.11480204,
          1.1419646,
          0.91626793,
          1
        ]
      },
      {
        "date" : 748893803.946372,
        "title" : "Untitled",
        "transform" : [
          0.9924246,
          0.017777827,
          -0.121561706,
          0,
          -0.07193205,
          0.886221,
          -0.45764408,
          0,
          0.09959492,
          0.46292102,
          0.8807866,
          0,
          0.060661793,
          0.8903186,
          0.43746835,
          1
        ]
      },
      {
        "date" : 748893799.090034,
        "title" : "Untitled",
        "transform" : [
          0.9924246,
          0.017777827,
          -0.121561706,
          0,
          -0.07193205,
          0.886221,
          -0.45764408,
          0,
          0.09959492,
          0.46292102,
          0.8807866,
          0,
          0.20335282,
          1.5535527,
          1.6993842,
          1
        ]
      },
      {
        "date" : 748893798.008416,
        "title" : "Untitled",
        "transform" : [
          0.9924246,
          0.017777827,
          -0.121561706,
          0,
          -0.07193205,
          0.886221,
          -0.45764408,
          0,
          0.09959492,
          0.46292102,
          0.8807866,
          0,
          0.064598955,
          0.9086196,
          0.4722881,
          1
        ]
      },
      {
        "date" : 748893794.473214,
        "title" : "Untitled",
        "transform" : [
          0.86835426,
          0.01777783,
          0.49562594,
          0,
          0.18138966,
          0.91873187,
          -0.35075566,
          0,
          -0.46158284,
          0.3944811,
          0.79456025,
          0,
          -0.1982642,
          0.8768021,
          0.442019,
          1
        ]
      }
    ]
  },
  "selectedSceneRelativePath" : "TableAndLaRana.usda"
}