{
  "advancedEditorSelectedIdentifier" : "ProjectBrowser",
  "openSceneRelativePaths" : [
    "TableAndLaRana.usda"
  ],
  "recentIdentifiers" : {
    "1608E04E-B18D-4D1C-9377-F059198F61D8" : [

    ],
    "CBE4F12F-F57D-4CDC-B34D-C877FAB4EFDC" : [

    ]
  },
  "sceneCameraHistory" : {
    "1608E04E-B18D-4D1C-9377-F059198F61D8" : [
      {
        "date" : 746551371.028787,
        "title" : "Untitled",
        "transform" : [
          0.8625937,
          -0.0025789216,
          0.50589067,
          0,
          0.20508341,
          0.9159165,
          -0.34501845,
          0,
          -0.46246374,
          0.40136054,
          0.7905928,
          0,
          -0.36910877,
          0.91692567,
          0.7306565,
          1
        ]
      },
      {
        "date" : 746551368.772286,
        "title" : "Untitled",
        "transform" : [
          -0.93058217,
          -0.002578922,
          0.36607385,
          0,
          0.2153265,
          0.8048464,
          0.5530432,
          0,
          -0.29605955,
          0.5934776,
          -0.74842036,
          0,
          -0.26573983,
          1.074527,
          -0.53444105,
          1
        ]
      },
      {
        "date" : 746550180.576834,
        "title" : "Untitled",
        "transform" : [
          0.9260558,
          -0.0025789284,
          0.37737787,
          0,
          0.10705145,
          0.96069616,
          -0.25613073,
          0,
          -0.3618848,
          0.27759022,
          0.8899343,
          0,
          -0.30392,
          0.8016814,
          0.8807912,
          1
        ]
      },
      {
        "date" : 746550177.54472,
        "title" : "Untitled",
        "transform" : [
          0.9988132,
          -0.0025789277,
          0.04863599,
          0,
          0.014377434,
          0.969708,
          -0.24384372,
          0,
          -0.046533763,
          0.2442536,
          0.96859425,
          0,
          -0.16737631,
          1.669852,
          4.530858,
          1
        ]
      },
      {
        "date" : 746550174.412358,
        "title" : "Untitled",
        "transform" : [
          0.73622316,
          -0.002578928,
          0.6767339,
          0,
          0.14854527,
          0.9762209,
          -0.15788314,
          0,
          -0.6602346,
          0.21676284,
          0.7190996,
          0,
          -5.6551876,
          2.3736,
          6.1134443,
          1
        ]
      },
      {
        "date" : 746470545.364221,
        "title" : "Untitled",
        "transform" : [
          0.96657026,
          -0.0025789288,
          0.2563887,
          0,
          0.08730846,
          0.94350207,
          -0.31965742,
          0,
          -0.24107884,
          0.3313563,
          0.91218626,
          0,
          -0.2854161,
          0.89370334,
          0.95851666,
          1
        ]
      },
      {
        "date" : 746470536.847677,
        "title" : "Untitled",
        "transform" : [
          0.86334383,
          -0.002578925,
          0.50460947,
          0,
          0.33728325,
          0.7467451,
          -0.57324654,
          0,
          -0.37533626,
          0.6651052,
          0.64556766,
          0,
          -0.03448263,
          0.69978094,
          -0.0016878285,
          1
        ]
      },
      {
        "date" : 746470535.12781,
        "title" : "Untitled",
        "transform" : [
          0.86334383,
          -0.002578925,
          0.50460947,
          0,
          0.33728325,
          0.7467451,
          -0.57324654,
          0,
          -0.37533626,
          0.6651052,
          0.64556766,
          0,
          -0.020641878,
          0.67525476,
          -0.025493558,
          1
        ]
      },
      {
        "date" : 746470531.681866,
        "title" : "Untitled",
        "transform" : [
          0.86334383,
          -0.002578925,
          0.50460947,
          0,
          0.33728325,
          0.7467451,
          -0.57324654,
          0,
          -0.37533626,
          0.6651052,
          0.64556766,
          0,
          -0.18485695,
          0.96624774,
          0.25695172,
          1
        ]
      },
      {
        "date" : 746470528.512131,
        "title" : "Untitled",
        "transform" : [
          0.8169267,
          -0.0025789223,
          0.5767356,
          0,
          0.28207046,
          0.8740189,
          -0.3956351,
          0,
          -0.5030575,
          0.485885,
          0.7147369,
          0,
          -0.32374394,
          0.8740576,
          0.40625632,
          1
        ]
      }
    ],
    "CBE4F12F-F57D-4CDC-B34D-C877FAB4EFDC" : [
      {
        "date" : 746639277.874491,
        "title" : "Untitled",
        "transform" : [
          0.7510638,
          0.01777784,
          0.6599902,
          0,
          0.31872258,
          0.8656805,
          -0.38602218,
          0,
          -0.57820326,
          0.50028104,
          0.64451516,
          0,
          -0.48461896,
          0.9610158,
          0.610611,
          1
        ]
      },
      {
        "date" : 746639235.682828,
        "title" : "Untitled",
        "transform" : [
          0.9641271,
          0.017777834,
          0.2648449,
          0,
          0.080884404,
          0.9306282,
          -0.3569158,
          0,
          -0.25281727,
          0.365534,
          0.89580595,
          0,
          -0.2167897,
          0.85371965,
          0.7945152,
          1
        ]
      },
      {
        "date" : 746639224.147875,
        "title" : "Untitled",
        "transform" : [
          0.95837426,
          0.017777832,
          0.2849611,
          0,
          0.07817353,
          0.94358236,
          -0.3217783,
          0,
          -0.27460474,
          0.33066043,
          0.90291524,
          0,
          -0.31787208,
          0.9756019,
          0.74062455,
          1
        ]
      },
      {
        "date" : 746639216.408189,
        "title" : "Untitled",
        "transform" : [
          0.87713605,
          0.017777823,
          0.47991282,
          0,
          0.22241372,
          0.8706459,
          -0.43875727,
          0,
          -0.42563426,
          0.491589,
          0.75972086,
          0,
          -0.3911164,
          0.96162826,
          0.5783769,
          1
        ]
      },
      {
        "date" : 746639189.47496,
        "title" : "Untitled",
        "transform" : [
          0.9580452,
          0.017777821,
          0.2860654,
          0,
          0.15012968,
          0.819076,
          -0.55369276,
          0,
          -0.24415278,
          0.57340956,
          0.7820428,
          0,
          -0.075857066,
          1.1358523,
          0.5227004,
          1
        ]
      },
      {
        "date" : 746639175.802335,
        "title" : "Untitled",
        "transform" : [
          0.9914284,
          0.01777783,
          0.12943621,
          0,
          0.031070547,
          0.9301953,
          -0.36574775,
          0,
          -0.12690319,
          0.36663434,
          0.92166966,
          0,
          -0.02110473,
          0.98277855,
          0.77642226,
          1
        ]
      },
      {
        "date" : 746639161.841064,
        "title" : "Untitled",
        "transform" : [
          0.98848915,
          0.01777783,
          0.15024325,
          0,
          0.060467966,
          0.86388046,
          -0.50005424,
          0,
          -0.13868213,
          0.5033831,
          0.8528615,
          0,
          -0.0155877555,
          1.088528,
          0.6196728,
          1
        ]
      },
      {
        "date" : 746639153.850063,
        "title" : "Untitled",
        "transform" : [
          0.8958734,
          0.017777828,
          0.44395366,
          0,
          0.19568425,
          0.881284,
          -0.43017006,
          0,
          -0.39889678,
          0.47225255,
          0.78604007,
          0,
          -0.22011924,
          1.065907,
          0.6200973,
          1
        ]
      },
      {
        "date" : 746639148.626043,
        "title" : "Untitled",
        "transform" : [
          0.8958734,
          0.017777828,
          0.44395366,
          0,
          0.19568425,
          0.881284,
          -0.43017006,
          0,
          -0.39889678,
          0.47225255,
          0.78604007,
          0,
          -0.39716387,
          1.2257314,
          0.43422866,
          1
        ]
      },
      {
        "date" : 746639132.478424,
        "title" : "Untitled",
        "transform" : [
          0.9953397,
          0.017777827,
          0.09477747,
          0,
          0.02269193,
          0.9120778,
          -0.4093889,
          0,
          -0.09372252,
          0.40963167,
          0.90742385,
          0,
          -0.089152165,
          0.9480691,
          0.71322596,
          1
        ]
      }
    ]
  },
  "selectedSceneRelativePath" : "TableAndLaRana.usda"
}