{
  "advancedEditorSelectedIdentifier" : "ProjectBrowser",
  "openSceneRelativePaths" : [
    "TableAndLaRana.usda"
  ],
  "recentIdentifiers" : {
    "1608E04E-B18D-4D1C-9377-F059198F61D8" : [

    ],
    "CBE4F12F-F57D-4CDC-B34D-C877FAB4EFDC" : [

    ]
  },
  "sceneCameraHistory" : {
    "1608E04E-B18D-4D1C-9377-F059198F61D8" : [
      {
        "date" : 746551371.028787,
        "title" : "Untitled",
        "transform" : [
          0.8625937,
          -0.0025789216,
          0.50589067,
          0,
          0.20508341,
          0.9159165,
          -0.34501845,
          0,
          -0.46246374,
          0.40136054,
          0.7905928,
          0,
          -0.36910877,
          0.91692567,
          0.7306565,
          1
        ]
      },
      {
        "date" : 746551368.772286,
        "title" : "Untitled",
        "transform" : [
          -0.93058217,
          -0.002578922,
          0.36607385,
          0,
          0.2153265,
          0.8048464,
          0.5530432,
          0,
          -0.29605955,
          0.5934776,
          -0.74842036,
          0,
          -0.26573983,
          1.074527,
          -0.53444105,
          1
        ]
      },
      {
        "date" : 746550180.576834,
        "title" : "Untitled",
        "transform" : [
          0.9260558,
          -0.0025789284,
          0.37737787,
          0,
          0.10705145,
          0.96069616,
          -0.25613073,
          0,
          -0.3618848,
          0.27759022,
          0.8899343,
          0,
          -0.30392,
          0.8016814,
          0.8807912,
          1
        ]
      },
      {
        "date" : 746550177.54472,
        "title" : "Untitled",
        "transform" : [
          0.9988132,
          -0.0025789277,
          0.04863599,
          0,
          0.014377434,
          0.969708,
          -0.24384372,
          0,
          -0.046533763,
          0.2442536,
          0.96859425,
          0,
          -0.16737631,
          1.669852,
          4.530858,
          1
        ]
      },
      {
        "date" : 746550174.412358,
        "title" : "Untitled",
        "transform" : [
          0.73622316,
          -0.002578928,
          0.6767339,
          0,
          0.14854527,
          0.9762209,
          -0.15788314,
          0,
          -0.6602346,
          0.21676284,
          0.7190996,
          0,
          -5.6551876,
          2.3736,
          6.1134443,
          1
        ]
      },
      {
        "date" : 746470545.364221,
        "title" : "Untitled",
        "transform" : [
          0.96657026,
          -0.0025789288,
          0.2563887,
          0,
          0.08730846,
          0.94350207,
          -0.31965742,
          0,
          -0.24107884,
          0.3313563,
          0.91218626,
          0,
          -0.2854161,
          0.89370334,
          0.95851666,
          1
        ]
      },
      {
        "date" : 746470536.847677,
        "title" : "Untitled",
        "transform" : [
          0.86334383,
          -0.002578925,
          0.50460947,
          0,
          0.33728325,
          0.7467451,
          -0.57324654,
          0,
          -0.37533626,
          0.6651052,
          0.64556766,
          0,
          -0.03448263,
          0.69978094,
          -0.0016878285,
          1
        ]
      },
      {
        "date" : 746470535.12781,
        "title" : "Untitled",
        "transform" : [
          0.86334383,
          -0.002578925,
          0.50460947,
          0,
          0.33728325,
          0.7467451,
          -0.57324654,
          0,
          -0.37533626,
          0.6651052,
          0.64556766,
          0,
          -0.020641878,
          0.67525476,
          -0.025493558,
          1
        ]
      },
      {
        "date" : 746470531.681866,
        "title" : "Untitled",
        "transform" : [
          0.86334383,
          -0.002578925,
          0.50460947,
          0,
          0.33728325,
          0.7467451,
          -0.57324654,
          0,
          -0.37533626,
          0.6651052,
          0.64556766,
          0,
          -0.18485695,
          0.96624774,
          0.25695172,
          1
        ]
      },
      {
        "date" : 746470528.512131,
        "title" : "Untitled",
        "transform" : [
          0.8169267,
          -0.0025789223,
          0.5767356,
          0,
          0.28207046,
          0.8740189,
          -0.3956351,
          0,
          -0.5030575,
          0.485885,
          0.7147369,
          0,
          -0.32374394,
          0.8740576,
          0.40625632,
          1
        ]
      }
    ],
    "CBE4F12F-F57D-4CDC-B34D-C877FAB4EFDC" : [
      {
        "date" : 746978713.779608,
        "title" : "Untitled",
        "transform" : [
          0.9788127,
          0.017777842,
          0.20398434,
          0,
          0.080785066,
          0.881879,
          -0.4645031,
          0,
          -0.18814737,
          0.4711405,
          0.86175823,
          0,
          -0.45188358,
          1.3021294,
          1.7648323,
          1
        ]
      },
      {
        "date" : 746978710.544925,
        "title" : "Untitled",
        "transform" : [
          0.9788127,
          0.017777842,
          0.20398434,
          0,
          0.080785066,
          0.881879,
          -0.4645031,
          0,
          -0.18814737,
          0.4711405,
          0.86175823,
          0,
          -0.4782967,
          1.2175614,
          1.8053001,
          1
        ]
      },
      {
        "date" : 746978703.024413,
        "title" : "Untitled",
        "transform" : [
          0.97313917,
          0.017777842,
          0.2295301,
          0,
          0.085898034,
          0.89697504,
          -0.43365562,
          0,
          -0.21359226,
          0.44172353,
          0.8713546,
          0,
          -0.53331923,
          1.1552413,
          1.8306612,
          1
        ]
      },
      {
        "date" : 746975401.253024,
        "title" : "Untitled",
        "transform" : [
          0.97313917,
          0.017777842,
          0.2295301,
          0,
          0.085898034,
          0.89697504,
          -0.43365562,
          0,
          -0.21359226,
          0.44172353,
          0.8713546,
          0,
          -0.19866332,
          0.7555389,
          0.5496712,
          1
        ]
      },
      {
        "date" : 746975363.160308,
        "title" : "Untitled",
        "transform" : [
          0.97313917,
          0.017777842,
          0.2295301,
          0,
          0.085898034,
          0.89697504,
          -0.43365562,
          0,
          -0.21359226,
          0.44172353,
          0.8713546,
          0,
          -0.32077056,
          0.87412995,
          0.45962098,
          1
        ]
      },
      {
        "date" : 746973887.039328,
        "title" : "Untitled",
        "transform" : [
          0.9731391,
          0.017777843,
          0.22953008,
          0,
          0.0858981,
          0.89697516,
          -0.43365568,
          0,
          -0.21359229,
          0.44172347,
          0.8713545,
          0,
          -0.15405758,
          0.90723395,
          0.82731235,
          1
        ]
      },
      {
        "date" : 746973859.523462,
        "title" : "Untitled",
        "transform" : [
          0.88427,
          0.017777843,
          0.4666377,
          0,
          0.21446832,
          0.8721917,
          -0.43964195,
          0,
          -0.4148134,
          0.48884106,
          0.76744,
          0,
          -0.33456233,
          0.95068437,
          0.71799725,
          1
        ]
      },
      {
        "date" : 746705401.069577,
        "title" : "Untitled",
        "transform" : [
          0.9574795,
          0.017777845,
          0.28795344,
          0,
          -0.036676105,
          0.99750215,
          0.060368318,
          0,
          -0.28616092,
          -0.06836244,
          0.95573974,
          0,
          -0.29286808,
          0.36273143,
          1.1462579,
          1
        ]
      },
      {
        "date" : 746639277.874491,
        "title" : "Untitled",
        "transform" : [
          0.7510638,
          0.01777784,
          0.6599902,
          0,
          0.31872258,
          0.8656805,
          -0.38602218,
          0,
          -0.57820326,
          0.50028104,
          0.64451516,
          0,
          -0.48461896,
          0.9610158,
          0.610611,
          1
        ]
      },
      {
        "date" : 746639235.682828,
        "title" : "Untitled",
        "transform" : [
          0.9641271,
          0.017777834,
          0.2648449,
          0,
          0.080884404,
          0.9306282,
          -0.3569158,
          0,
          -0.25281727,
          0.365534,
          0.89580595,
          0,
          -0.2167897,
          0.85371965,
          0.7945152,
          1
        ]
      }
    ]
  },
  "selectedSceneRelativePath" : "TableAndLaRana.usda"
}