{
  "advancedEditorSelectedIdentifier" : "ProjectBrowser",
  "openSceneRelativePaths" : [
    "Scene.usda"
  ],
  "recentIdentifiers" : {

  },
  "sceneCameraHistory" : {
    "1608E04E-B18D-4D1C-9377-F059198F61D8" : [
      {
        "date" : 746355375.969642,
        "title" : "Untitled",
        "transform" : [
          -0.02674674,
          2.7366047e-09,
          -0.9996422,
          0,
          -0.4103054,
          0.9118821,
          0.0109782675,
          0,
          0.91155595,
          0.41045207,
          -0.02438985,
          0,
          1.2974046,
          1.186248,
          -0.022545435,
          1
        ]
      },
      {
        "date" : 746355372.235937,
        "title" : "Untitled",
        "transform" : [
          -0.072419405,
          3.339459e-09,
          -0.99737424,
          0,
          -0.72021013,
          0.6917822,
          0.052294515,
          0,
          0.6899659,
          0.72210616,
          -0.050098438,
          0,
          0.989301,
          1.6310048,
          -0.059637208,
          1
        ]
      },
      {
        "date" : 746355288.740828,
        "title" : "Untitled",
        "transform" : [
          -0.072419405,
          3.339459e-09,
          -0.99737424,
          0,
          -0.72021013,
          0.6917822,
          0.052294515,
          0,
          0.6899659,
          0.72210616,
          -0.050098438,
          0,
          0.6296106,
          1.2545593,
          -0.03352008,
          1
        ]
      },
      {
        "date" : 746355287.462033,
        "title" : "Untitled",
        "transform" : [
          -0.072419405,
          3.339459e-09,
          -0.99737424,
          0,
          -0.72021013,
          0.6917822,
          0.052294515,
          0,
          0.6899659,
          0.72210616,
          -0.050098438,
          0,
          0.30813897,
          0.9181129,
          -0.010178026,
          1
        ]
      },
      {
        "date" : 746355282.636951,
        "title" : "Untitled",
        "transform" : [
          -0.06698527,
          3.339459e-09,
          -0.9977539,
          0,
          -0.7204843,
          0.6917822,
          0.048370495,
          0,
          0.6902286,
          0.72210616,
          -0.046339203,
          0,
          0.46137154,
          1.0780728,
          -0.01566339,
          1
        ]
      },
      {
        "date" : 746355268.155431,
        "title" : "Untitled",
        "transform" : [
          -0.06698527,
          3.339459e-09,
          -0.9977539,
          0,
          -0.7204843,
          0.6917822,
          0.048370495,
          0,
          0.6902286,
          0.72210616,
          -0.046339203,
          0,
          0.56044614,
          0.9840652,
          -0.0048534945,
          1
        ]
      },
      {
        "date" : 746355266.17008,
        "title" : "Untitled",
        "transform" : [
          -0.06698527,
          3.339459e-09,
          -0.9977539,
          0,
          -0.7204843,
          0.6917822,
          0.048370495,
          0,
          0.6902286,
          0.72210616,
          -0.046339203,
          0,
          0.14115955,
          0.71169704,
          -0.0012224495,
          1
        ]
      },
      {
        "date" : 746355263.408398,
        "title" : "Untitled",
        "transform" : [
          -0.06698527,
          3.339459e-09,
          -0.9977539,
          0,
          -0.7204843,
          0.6917822,
          0.048370495,
          0,
          0.6902286,
          0.72210616,
          -0.046339203,
          0,
          0.5593599,
          0.98335934,
          -0.004844088,
          1
        ]
      },
      {
        "date" : 746355255.436778,
        "title" : "Untitled",
        "transform" : [
          -0.06698527,
          3.339459e-09,
          -0.9977539,
          0,
          -0.7204843,
          0.6917822,
          0.048370495,
          0,
          0.6902286,
          0.72210616,
          -0.046339203,
          0,
          0.5261507,
          1.0120454,
          -0.052485306,
          1
        ]
      },
      {
        "date" : 746355250.208328,
        "title" : "Untitled",
        "transform" : [
          -0.06698527,
          3.339459e-09,
          -0.9977539,
          0,
          -0.7204843,
          0.6917822,
          0.048370495,
          0,
          0.6902286,
          0.72210616,
          -0.046339203,
          0,
          1.2870436,
          1.1286174,
          -0.0020991855,
          1
        ]
      }
    ]
  }
}