{
  "advancedEditorSelectedIdentifier" : "ProjectBrowser",
  "openSceneRelativePaths" : [
    "TableAndLaRana.usda"
  ],
  "recentIdentifiers" : {
    "1608E04E-B18D-4D1C-9377-F059198F61D8" : [

    ],
    "CBE4F12F-F57D-4CDC-B34D-C877FAB4EFDC" : [

    ]
  },
  "sceneCameraHistory" : {
    "1608E04E-B18D-4D1C-9377-F059198F61D8" : [
      {
        "date" : 746551371.028787,
        "title" : "Untitled",
        "transform" : [
          0.8625937,
          -0.0025789216,
          0.50589067,
          0,
          0.20508341,
          0.9159165,
          -0.34501845,
          0,
          -0.46246374,
          0.40136054,
          0.7905928,
          0,
          -0.36910877,
          0.91692567,
          0.7306565,
          1
        ]
      },
      {
        "date" : 746551368.772286,
        "title" : "Untitled",
        "transform" : [
          -0.93058217,
          -0.002578922,
          0.36607385,
          0,
          0.2153265,
          0.8048464,
          0.5530432,
          0,
          -0.29605955,
          0.5934776,
          -0.74842036,
          0,
          -0.26573983,
          1.074527,
          -0.53444105,
          1
        ]
      },
      {
        "date" : 746550180.576834,
        "title" : "Untitled",
        "transform" : [
          0.9260558,
          -0.0025789284,
          0.37737787,
          0,
          0.10705145,
          0.96069616,
          -0.25613073,
          0,
          -0.3618848,
          0.27759022,
          0.8899343,
          0,
          -0.30392,
          0.8016814,
          0.8807912,
          1
        ]
      },
      {
        "date" : 746550177.54472,
        "title" : "Untitled",
        "transform" : [
          0.9988132,
          -0.0025789277,
          0.04863599,
          0,
          0.014377434,
          0.969708,
          -0.24384372,
          0,
          -0.046533763,
          0.2442536,
          0.96859425,
          0,
          -0.16737631,
          1.669852,
          4.530858,
          1
        ]
      },
      {
        "date" : 746550174.412358,
        "title" : "Untitled",
        "transform" : [
          0.73622316,
          -0.002578928,
          0.6767339,
          0,
          0.14854527,
          0.9762209,
          -0.15788314,
          0,
          -0.6602346,
          0.21676284,
          0.7190996,
          0,
          -5.6551876,
          2.3736,
          6.1134443,
          1
        ]
      },
      {
        "date" : 746470545.364221,
        "title" : "Untitled",
        "transform" : [
          0.96657026,
          -0.0025789288,
          0.2563887,
          0,
          0.08730846,
          0.94350207,
          -0.31965742,
          0,
          -0.24107884,
          0.3313563,
          0.91218626,
          0,
          -0.2854161,
          0.89370334,
          0.95851666,
          1
        ]
      },
      {
        "date" : 746470536.847677,
        "title" : "Untitled",
        "transform" : [
          0.86334383,
          -0.002578925,
          0.50460947,
          0,
          0.33728325,
          0.7467451,
          -0.57324654,
          0,
          -0.37533626,
          0.6651052,
          0.64556766,
          0,
          -0.03448263,
          0.69978094,
          -0.0016878285,
          1
        ]
      },
      {
        "date" : 746470535.12781,
        "title" : "Untitled",
        "transform" : [
          0.86334383,
          -0.002578925,
          0.50460947,
          0,
          0.33728325,
          0.7467451,
          -0.57324654,
          0,
          -0.37533626,
          0.6651052,
          0.64556766,
          0,
          -0.020641878,
          0.67525476,
          -0.025493558,
          1
        ]
      },
      {
        "date" : 746470531.681866,
        "title" : "Untitled",
        "transform" : [
          0.86334383,
          -0.002578925,
          0.50460947,
          0,
          0.33728325,
          0.7467451,
          -0.57324654,
          0,
          -0.37533626,
          0.6651052,
          0.64556766,
          0,
          -0.18485695,
          0.96624774,
          0.25695172,
          1
        ]
      },
      {
        "date" : 746470528.512131,
        "title" : "Untitled",
        "transform" : [
          0.8169267,
          -0.0025789223,
          0.5767356,
          0,
          0.28207046,
          0.8740189,
          -0.3956351,
          0,
          -0.5030575,
          0.485885,
          0.7147369,
          0,
          -0.32374394,
          0.8740576,
          0.40625632,
          1
        ]
      }
    ],
    "CBE4F12F-F57D-4CDC-B34D-C877FAB4EFDC" : [
      {
        "date" : 747070246.907016,
        "title" : "Untitled",
        "transform" : [
          0.9935562,
          0.017777877,
          0.11193695,
          0,
          0.010743337,
          0.9684026,
          -0.24916027,
          0,
          -0.1128295,
          0.2487572,
          0.9619715,
          0,
          -0.21016783,
          0.7420226,
          0.86275685,
          1
        ]
      },
      {
        "date" : 747070242.326372,
        "title" : "Untitled",
        "transform" : [
          0.95502967,
          0.017777877,
          0.29597676,
          0,
          0.07720999,
          0.9488545,
          -0.30612686,
          0,
          -0.2862811,
          0.31521246,
          0.9048117,
          0,
          -0.35311368,
          0.80121887,
          0.7566218,
          1
        ]
      },
      {
        "date" : 747070241.206859,
        "title" : "Untitled",
        "transform" : [
          0.95502967,
          0.017777877,
          0.29597676,
          0,
          0.07720999,
          0.9488545,
          -0.30612686,
          0,
          -0.2862811,
          0.31521246,
          0.9048117,
          0,
          -0.26073167,
          0.59160304,
          0.5586735,
          1
        ]
      },
      {
        "date" : 747070229.711436,
        "title" : "Untitled",
        "transform" : [
          0.99967486,
          0.017777879,
          -0.018277386,
          0,
          -0.023093011,
          0.9351671,
          -0.3534533,
          0,
          0.010808882,
          0.35376033,
          0.9352736,
          0,
          -0.07337344,
          0.61608756,
          0.58748937,
          1
        ]
      },
      {
        "date" : 747069239.712965,
        "title" : "Untitled",
        "transform" : [
          0.99967486,
          0.017777879,
          -0.018277386,
          0,
          -0.023093011,
          0.9351671,
          -0.3534533,
          0,
          0.010808882,
          0.35376033,
          0.9352736,
          0,
          -0.044270158,
          0.87575185,
          0.48893666,
          1
        ]
      },
      {
        "date" : 747069236.93071,
        "title" : "Untitled",
        "transform" : [
          0.99967486,
          0.017777879,
          -0.018277386,
          0,
          -0.023093011,
          0.9351671,
          -0.3534533,
          0,
          0.010808882,
          0.35376033,
          0.9352736,
          0,
          -0.15673387,
          1.0988702,
          0.40584356,
          1
        ]
      },
      {
        "date" : 747069230.60203,
        "title" : "Untitled",
        "transform" : [
          0.99967486,
          0.017777879,
          -0.018277386,
          0,
          -0.023093011,
          0.9351671,
          -0.3534533,
          0,
          0.010808882,
          0.35376033,
          0.9352736,
          0,
          -0.005101202,
          0.8080214,
          0.17923754,
          1
        ]
      },
      {
        "date" : 747069227.890949,
        "title" : "Untitled",
        "transform" : [
          0.99967486,
          0.017777879,
          -0.018277386,
          0,
          -0.023093011,
          0.9351671,
          -0.3534533,
          0,
          0.010808882,
          0.35376033,
          0.9352736,
          0,
          -0.025534658,
          0.8263496,
          0.1725412,
          1
        ]
      },
      {
        "date" : 747069224.164112,
        "title" : "Untitled",
        "transform" : [
          0.99963325,
          0.017777879,
          -0.020428132,
          0,
          -0.023853408,
          0.9351671,
          -0.35340282,
          0,
          0.012821087,
          0.35376033,
          0.9352482,
          0,
          -0.017548956,
          0.79218507,
          0.13258934,
          1
        ]
      },
      {
        "date" : 747069219.310977,
        "title" : "Untitled",
        "transform" : [
          0.99963325,
          0.017777879,
          -0.020428132,
          0,
          -0.023853408,
          0.9351671,
          -0.35340282,
          0,
          0.012821087,
          0.35376033,
          0.9352482,
          0,
          -0.08791049,
          1.1042295,
          0.49799174,
          1
        ]
      }
    ]
  },
  "selectedSceneRelativePath" : "TableAndLaRana.usda"
}